<html>
<head>
<title>Grid using d3.js</title>
<link rel="stylesheet" type="text/css" href="heatmap.css">
<script type="text/javascript" src="http://mbostock.github.com/d3/d3.v2.js"></script>
</head>
<body>

<div id="chart"></div>
<div class="tooltip" style="opacity: 0.01"></div>

<script type="text/javascript" src="heatmap.js"></script>
<script type="text/javascript">
    var label = ["china", "usa", "japan", "korea", "russia", "turkey", "england", "austrilia", "india", "canada"];
    var data = [[0.9641556130187884, 0.8349976630569802, 0.5297151010300337, 0.14273346691135425, 0.7160957943617066, 0.4505812326930283, 0.10627913044923942, 0.6334768084845154, 0.3174396984358102, 0.45838411181053873], [0.8349976630569802, 0.8850417321939693, 0.34648701956457084, 0.7448764734422264, 0.1992717794472687, 0.5643100283297103, 0.7131925451558604, 0.5391033228695318, 0.04681392898880066, 0.7119625767259012], [0.5297151010300337, 0.34648701956457084, 0.8017301188863484, 0.33005552018041084, 0.8186013923825447, 0.6763393524861613, 0.4313943428096678, 0.3149352323038588, 0.5941706672055271, 0.17443527986226393], [0.14273346691135425, 0.7448764734422264, 0.33005552018041084, 0.7418797638552723, 0.9213919851143173, 0.8582441063728307, 0.7254333277056194, 0.42556085883759176, 0.9139079690565505, 0.6609757637007079], [0.7160957943617066, 0.1992717794472687, 0.8186013923825447, 0.9213919851143173, 0.2355327517544975, 0.22024940602233467, 0.07351664522238321, 0.3081564891384586, 0.34096090178980776, 0.1964553039676471], [0.4505812326930283, 0.5643100283297103, 0.6763393524861613, 0.8582441063728307, 0.22024940602233467, 0.17037336577110296, 0.5064588311994349, 0.32744109112820663, 0.42094901423771336, 0.08836986555725157], [0.10627913044923942, 0.7131925451558604, 0.4313943428096678, 0.7254333277056194, 0.07351664522238321, 0.5064588311994349, 0.9207932189291569, 0.5541999592459614, 0.1427176991523601, 0.5567902392091656], [0.6334768084845154, 0.5391033228695318, 0.3149352323038588, 0.42556085883759176, 0.3081564891384586, 0.32744109112820663, 0.5541999592459614, 0.05177954308324262, 0.6951350991850792, 0.6354816464676877], [0.3174396984358102, 0.04681392898880066, 0.5941706672055271, 0.9139079690565505, 0.34096090178980776, 0.42094901423771336, 0.1427176991523601, 0.6951350991850792, 0.27907125555748125, 0.8520385240350773], [0.45838411181053873, 0.7119625767259012, 0.17443527986226393, 0.6609757637007079, 0.1964553039676471, 0.08836986555725157, 0.5567902392091656, 0.6354816464676877, 0.8520385240350773, 0.20936372052875885]];
    generateHeatMap('#chart', label, data, 600);
</script>
</body>
</html>
